7.605503
6.669831
7.517449
2.509032
2.105261
3.815642
3.342805
7.592001
5.922079
0.694587
0.402662
1.290793
1.221931
2.123813
8.467611
4.323804
4.576840
5.961158
4.339672
2.063411
4.607326
2.820137
2.733293
6.189317
0.337090
3.440564
1.474398
8.420799
0.560479
3.026100
1.832370
8.494841
2.103234
3.171392
4.985789
4.785396
3.375934
7.998938
2.292851
4.972260
6.412911
3.465969
7.369044
1.982082
3.039031
8.611114
5.310733
3.840952
2.861860
5.907121
3.794521
7.657348
1.070068
5.464173
5.487331
6.579104
2.863715
1.973912
3.798303
1.163392
1.405612
3.836286
8.552522
5.945328
6.607190
2.383902
4.480793
0.973835
0.384366
1.730159
1.059580
0.338490
1.651600
6.865455
5.278647
6.030377
1.006346
3.940069
0.465995
3.720199
5.275224
0.296043
8.531302
7.571280
8.373967
6.970602
0.350055
5.265663
1.142205
8.590045
2.826760
4.380533
5.855280
4.575260
2.563142
4.843798
6.877972
0.317649
6.870219
7.575539