4.117002
6.973949
1.908998
6.123761
4.551845
4.491758
3.637865
7.522176
5.263668
4.574124
3.016243
6.506034
3.689665
0.415414
2.425467
7.044591
2.442942
4.386055
8.567521
6.800235
6.219668
7.656849
3.023313
8.597404
8.476203
1.318447
4.889316
3.414209
0.331816
0.447735
8.576687
7.112476
3.685891
5.868812
4.569566
0.384520
8.541010
5.250412
5.370777
3.093640
1.282512
7.190329
2.961876
7.606082
5.016407
4.492136
6.905347
7.830055
6.781588
7.630848
2.100865
8.607635
7.106355
3.750444
2.030843
2.263012
2.104801
2.666552
2.973978
7.920918
0.585122
5.443256
8.312304
2.919296
3.648710
1.297663
1.484264
5.668926
6.361428
5.926334
8.657070
3.932866
1.798444
5.725834
8.510268
6.293484
1.316716
0.546317
2.036805
6.409472
5.739882
1.089387
1.409182
0.993306
0.412340
0.377401
7.434855
1.121607
2.653111
6.021585
4.214434
3.779260
0.434830
5.258654
8.508039
7.736118
4.771466
5.294681
8.189855
6.379235