7.312165
6.415542
7.685762
2.250390
2.037041
3.802386
2.723993
8.572319
5.497720
1.063911
0.474605
1.353614
1.103242
2.104620
8.616472
4.385403
4.050843
5.686932
4.442433
2.194468
4.699305
2.929963
2.283267
6.852307
0.377591
4.349640
1.522283
7.884645
0.419364
2.969032
1.858942
7.664464
2.029345
3.058371
4.730697
4.826335
3.487737
8.489207
2.217279
4.970072
6.319027
3.541341
6.970690
1.981055
2.900745
8.458337
5.353586
3.985082
2.951322
5.903474
3.648014
7.566415
0.512525
5.310991
5.590400
6.592422
3.184420
1.263528
3.625273
1.148267
1.246636
3.762988
8.520731
5.974619
6.384245
2.781218
4.613015
0.914246
0.419785
1.427939
1.090196
0.341114
1.945577
7.462475
5.450353
6.499818
1.153451
3.758015
0.416937
3.798204
5.635503
0.384558
8.522202
7.448556
8.392132
7.084169
0.368557
5.271718
1.619295
8.409210
2.975026
4.396169
5.893277
4.607265
2.633415
4.951685
6.504784
0.329951
6.459101
7.359752