4.158473
6.770837
2.209091
6.150510
4.470520
4.515222
3.134926
7.315800
5.248721
4.453633
2.952653
6.921208
3.613686
0.446586
2.810956
7.103376
2.606752
4.381928
8.602735
6.976655
6.343624
7.753077
2.264873
7.663783
8.591191
1.028215
5.151857
3.333596
0.363440
0.488634
8.579466
7.230059
3.661018
5.810784
4.613513
0.364755
8.561090
5.242423
5.370772
2.850372
1.205504
7.159686
2.985898
7.727206
4.872073
4.205712
6.982508
7.870174
6.723557
7.718922
1.518929
8.460882
6.889775
3.664605
2.045253
2.049696
2.372402
2.169553
3.366192
7.722274
0.463790
5.363107
8.418629
2.908017
3.757087
1.391471
1.917651
5.459780
6.061287
6.126421
8.566656
3.993576
1.389473
5.221698
8.574962
5.741832
1.319072
0.414811
2.110573
6.295409
6.115955
1.195572
1.573095
1.254642
0.481532
0.413041
7.743430
1.226366
2.928445
6.244663
4.020396
3.685346
0.419639
5.553826
8.552115
7.815689
4.784565
5.021638
8.545258
6.265534